9789 2809
7153 700
740 4457
3936 1412
7299 5904
8295 4582
1996 2404
1785 8724
3873 8987
9652 943
4164 9696
7313 365
1555 1203
9281 8441
5386 4951
4672 4071
1522 6917
923 8594
6534 1532
3465 2307
8056 3216
7600 5940
4466 9447
861 2614
1317 7653
2574 5674
9345 7367
173 7957
4380 5935
420 859
8342 2756
4434 789
4275 3875
5848 9074
397 6191
679 6059
6537 7312
6734 4129
8124 2348
9728 1953
8888 3835
7789 5100
3111 5132
1002 1334
7308 1320
2722 1844
5445 7277
936 4767
5360 9448
5838 9984
6837 6492
5380 8318
3468 6994
7351 2711
5987 4526
1740 9834
5783 8750
5400 1167
6608 2181
568 3218
755 8835
690 5735
737 4342
4075 8077
9769 387
2221 3728
8890 6570
6564 1000
6032 5086
3736 5749
9017 7481
3709 3640
5820 9123
2664 1897
5420 9033
5721 5165
8450 3628
9485 2287
2497 9997
8363 2142
3177 5947
9362 3569
3948 2608
270 2805
9021 9574
1128 5394
5573 6664
1840 8379
2760 2145
7391 3359
5914 3976
9402 7842
8929 7125
7659 7998
9771 2602
1569 2285
6104 4544
2855 3687
2761 6130
9499 6561
6193 2641
2777 927
5211 8729
6338 3769
1480 4425
6454 4039
2216 2065
3358 2839
2570 52
1366 3093
3062 9552
4182 3241
6713 6760
1388 4531
4406 7752
1560 2043
3445 3389
8074 5186
2387 8631
4321 6527
3702 5496
1313 6865
9913 997
9009 5748
7777 114
4584 1747
3390 8158
4792 8576
8028 9082
2905 3283
9689 7025
2884 4471
7151 5642
3466 3826
1981 7944
7075 6768
5467 1717
6463 8079
6054 7468
6826 3049
6281 1587
2302 7273
4432 5673
7121 5230
6011 2767
511 4725
7450 6444
5322 3556
8392 3353
5554 5110
610 6046
8652 9976
7074 4893
4689 6643
4908 6588
9464 2728
9256 7528
2892 7897
7436 2144
3848 8349
6779 73
4007 6763
1126 4381
8155 233
7799 6849
6786 770
3058 3916
3281 1267
2630 8207
269 5081
4424 181
560 9827
3808 1593
15 2329
8702 5388
8212 6256
4666 3543
3741 8586
2417 215
6358 306
9234 1959
9326 8662
2803 8209
1191 8377
7209 2016
3842 1130
8680 7376
5497 93
3191 6659
2292 6878
8486 3152
4636 2094
8945 1521
7060 2306
3151 7974
8167 7663
4849 4210
417 3161
2322 6605
5521 9366
8719 8215
3845 3864
8681 134
2837 398
9455 8125
4192 1479
8317 9423
570 7232
8654 2764
9029 6232
9252 4690
9534 6093
609 6896
6044 2571
1205 1537
2246 3600
7555 6529
8831 8822
3660 8825
5085 8653
7896 3520
6487 1710
5790 8089
4737 3765
5482 8404
4046 2526
6447 6766
7934 50
7986 9974
2535 7032
7374 3342
1592 2577
4447 9634
4557 2828
9204 9598
5645 1814
5591 3746
6737 6921
3816 9570
4552 8282
6215 193
326 626
7907 6149
7628 9654
7394 9800
3124 3050
2027 8700
3259 1951
1208 1563
6628 9497
1201 2155
1880 8518
3933 1819
4178 5547
2057 6708
9075 3974
4904 4773
4668 1192
5196 5704
736 1310
248 1196
9343 9986
931 5096
6996 6374
9581 7
2704 9337
5740 9709
753 6720
4436 4458
8780 5813
2642 5983
757 2174
3375 5558
3882 7879
2917 8806
2858 1994
9413 4693
1746 3499
5535 2434
2087 3484
6970 3357
6617 810
7788 1304
1109 4664
7717 9443
8105 5779
287 1758
7814 1013
8960 8344
4702 3762
6116 901
1287 9964
5508 6456
2020 1408
2389 107
6225 9193
1680 2003
4758 6856
4571 2168
9725 6586
1441 6795
3228 6831
1355 1086
4888 7254
4742 3426
1262 161
1081 5463
355 1361
5797 48
4392 9521
5794 1834
1598 7893
2513 788
7467 3801
1998 6099
1244 7389
4503 7585
8692 1392
1483 5575
5224 5382
6567 1923
354 7621
8772 7895
6991 7478
6870 7094
6167 837
820 2119
5072 5414
2195 8138
8686 2189
4069 9914
2708 2966
885 7864
3100 7803
6661 3817
3391 9383
7442 4914
3795 6772
5919 9998
9437 3437
967 812
3500 5955
636 5913
2555 3574
9564 7476
7820 4929
4179 3496
305 550
751 7377
8794 4727
6767 2440
2849 3279
2604 9049
9000 1669
9815 9687
2647 4349
4352 8434
6081 4820
1662 3950
2549 3192
1512 4168
6937 625
3193 4860
6804 3971
6930 490
5564 965
3507 1238
4717 3953
7122 1533
3027 337
8741 5410
1909 7245
103 1516
687 2893
6115 3165
8509 258
571 2210
4864 1932
7319 1705
8940 5108
3454 5447
9311 1243
7345 3734
3910 1712
4817 654
8035 5009
7703 2783
6697 1223
6867 1973
7583 2556
7482 2766
9635 9951
6472 6881
5560 657
7976 97
4593 9693
1018 2669
5555 2331
9488 3088
5318 8268
2739 3973
1378 8415
9781 6612
7238 9245
800 6851
7422 5532
7651 9336
5598 5099
6177 6539
4100 6247
573 2309
4396 8135
844 8814
3607 1316
4198 1691
5522 8171
3117 6665
713 2750
3862 8804
2280 5007
1249 8549
8034 5279
1877 1374
8255 8565
3210 5424
3416 591
5213 1339
80 3863
4101 8358
3135 4688
6808 2028
5439 6397
9376 2421
7808 8867
7182 9702
3314 5376
5528 2665
8088 6583
1067 9527
9333 3883
2137 9137
5766 4107
7002 5641
1868 8912
6061 1943
1394 7269
5965 9517
7828 3304
6489 2179
3452 8248
225 7545
4484 9912
6874 9872
5458 1895
2040 9164
5828 4
6655 6170
2433 1488
9840 8585
5652 5716
9093 3575
4205 8310
4614 2362
4134 3643
3247 3002
6118 3103
7290 4357
2903 7715
3555 8849
209 4106
8830 1030
288 3825
3823 8397
2605 8735
8223 9200
9106 9877
8873 8742
4981 317
6369 4839
7231 4020
7514 2402
4843 4726
1646 123
4173 2738
3552 6287
1165 2698
4795 1609
2799 256
4873 6051
9958 5556
9429 7785
1213 6748
4135 4934
2565 1855
7594 9384
6759 6388
309 5692
707 1326
9865 4452
8406 8485