6562 1459
9887 9020
578 2701
8419 174
5492 3784
3975 3602
9416 2293
9431 5985
6884 4931
4786 6148
2190 9734
8457 4147
9753 7697
1298 4905
4973 5029
1572 4237
8455 870
5356 2583
1293 9607
9733 6470
3069 6233
4646 9537
2601 9129
7330 7881
7034 2466
911 5116
1094 3457
8546 6910
4866 6322
7568 1270
3296 8603
9117 9729
3477 436
7964 1073
1888 8133
7548 6479
5412 7247
8590 4399
8695 9577
7070 6107
2895 7604
7227 3740
9900 8756
4835 6963
2906 5422
6590 8562
375 3724
2183 7958
4475 2005
4723 3003
5012 2426
5028 8071
1647 3778
8284 5109
9968 4691
5893 9003
9722 5137
2388 6427
5013 968
5430 7667
1775 1672
6377 4778
9600 456
7578 5006
1833 7373
1088 117
5470 2198
1230 2290
6341 1001
9458 8503
7603 9304
4532 2882
1278 8502
3983 9220
7423 7430
4031 1453
6043 794
9895 1918
6710 7806
9649 995
4105 5580
7023 4555
9784 6646
2762 1352
3393 1693
9708 3194
8536 6693
1655 9496
8164 2194
2410 1245
996 7917
3610 4384
2880 2881
3966 5298
2588 895
849 7326
1690 2781
9274 4801
1143 283
8648 2987
5293 572
2354 7524
6204 4341
9941 3469
3055 3980
26 8251
4753 2859
6942 2211
4400 1881
1170 3079
5576 9353
3756 1183
2742 5960
5586 6071
3866 915
1935 1836
9763 5629
4338 3081
7708 1457
3119 1523
203 2053
3818 719
5429 131
9340 6580
2305 9212
3272 1137
3366 8896
5256 8883
9433 5402
9374 4417
5570 1124
811 890
9456 5250
1276 5472
7305 7181
7113 2457
3438 1543
725 3943
7733 9134
9856 9225
7001 684
3315 44
5300 2051
1228 2494
4272 2547
1650 4788
5328 1829
6333 33
4158 9923
1367 3087
1385 2904
2105 2621
198 6546
6464 7078
3618 4705
876 6902
1395 5789
7956 4489
402 1370
9562 8044
7644 5493
1570 8314
6944 5926
656 460
1202 7304
1097 3320
8085 8964
1809 8950
9943 9977
9592 8340
9858 882
642 8597
1626 7370
9897 824
6979 7994
5882 8865
7657 7877
2916 8539
7910 124
1047 3788
8809 479
1621 8722
2012 5777
2069 9952
6559 17
1796 5479
9008 1424
163 4373
4775 8356
1665 1092
6818 834
4367 6241
8644 7613
7287 378
947 5917
532 8740
1604 2758
2321 7219
2153 6993
4497 6704
259 8708
7143 330
9603 2842
823 9967
3187 4511
4368 1694
960 9247
8128 9665
9694 8711
8240 9799
9446 4120
8800 4865
5834 6424
5646 815
9613 9270
611 5419
2631 3432
307 8636
5014 8066
5291 4317
5656 2241
4591 594
6290 4345
5678 1944
6353 1166
96 5371
7314 5379
9889 1946
7689 204
2484 8659
25 7793
4955 2357
9210 8939
9219 8630
7028 120
7350 6357
7750 5399
5375 8527
426 4660
660 7557
4190 1677
7882 3140
5409 6438
3181 2629
7321 2376
7213 5542
9417 5248
6938 6656
9656 1375
1475 9341
381 1652
7368 9756
3470 2298
4491 3895
2036 3298
1031 2165
5742 2102
1145 28
466 4014
6992 5975
2871 5059
4642 4231
2353 433
5437 3089
172 6441
7395 9548
272 8360
7797 8876
9705 3662
5821 8701
7847 2721
1263 3923
8524 4093
4146 8687
1302 838
9027 9601
9142 157
5176 9663
5670 7563
8947 5396
8380 7470
444 7821
909 3912
1012 7461
5939 2887
3261 8086
2999 9042
7569 2149
9298 5701
7848 5863
1837 4785
7702 4032
6635 496
9246 185
4410 4270
7241 3011
3025 9006
9946 1898
7195 5639
7937 257
8528 7938
2820 5726
1657 4772
1957 6686
3086 7320
1850 7495
9395 2077
4113 289
4921 4735
9344 9777
8634 5852
3482 427
2618 7623
3646 1204
2478 3242
145 2585
9747 4700
5452 2383
5491 8967
5173 1682
1952 2663
569 4852
5155 7825
4051 1742
4126 746
9538 4513
5050 1827
1832 4011
3518 310
2768 1640
5074 1469
7839 3614
5918 4535
3236 9826
6260 4166
5552 2856
9565 3773
320 4862
328 2897
4508 3653
366 5601
4764 6892
4096 6634
5810 2782
2253 6515
7167 9218
3656 1726
8710 6988
9065 9554
1839 8817
5495 7309
5826 1812
6952 4619
6343 5578
1178 6220
2845 1315
3533 4382
153 5572
9939 5774
9251 419
1684 3204
8744 7587
9092 2129
4980 373
7606 6519
6621 5683
9691 4875
1553 1519
1393 7977
2397 8898
2206 4469
325 6666
316 1866
68 4554
5868 8582
6869 4747
2748 6087
6703 195
1999 3090
5215 4255
2595 7129
1193 9442
7191 9605
3616 6366
4620 5473
4505 9715
5254 1069
5550 1656
7559 7117
9233 7633
1434 3367
680 1035
2187 5751
4472 3033
3651 1347
2772 7054
7173 8934
7090 2196
7338 782
7967 2314
4204 385
2258 9871
4522 5825
4612 4138
8156 4137
8231 2676
6486 8092
4754 5784
1063 3752
8818 8733
1041 1248
8065 1552
6582 2800
1749 9544
5044 3370
5745 2443
9922 7207
3654 6394
7340 6121
9631 603
1942 4913
2489 9347
5115 6461
6939 7658
3132 7558
4622 7500
344 8170
8820 9949
6072 5691
3522 6541
1997 1132
3125 2001
8407 6417
5477 6218
4250 8116
9077 8542
4732 1506
6006 9737
5903 66
5421 6408
4136 2846
7892 1112
16 1241
8823 4236
4378 8412
1805 5879
8757 263
6146 3586
9924 2770
448 5471
5119 6858
9271 9115
8341 2172
5217 9620
9371 4053
273 2563
361 8275
3075 2167
1199 629
4223 6309
5363 8922
1050 8045
3035 8712
3995 8058
3405 637
8935 9492
6668 6189
4879 6600
1490 6306
4054 674
7536 994
2372 6789
8682 6041
9180 5824
503 2471
9904 7463
7754 2972
8460 5581
2472 4180
9596 3939
1090 3451
1778 2900
4922 4895
787 4239
3920 1721
184 3133
6297 8366
332 2369
8650 8241
2637 972
4872 2122
3014 1671
3781 9788
5487 8091
1718 4261
3685 5785
5503 2154
7885 3478
7929 2049
1443 8476