8197 914
5514 3082
8191 7709
1823 2835
6860 9080
726 8937
2747 3129
7052 2432
4117 1121
7718 3224
59 9970
4186 3726
1087 2754
2396 2219
9549 9407
3592 8347
2449 816
5227 4300
7183 3139
9766 6359
8676 2268
18 180
1854 8172
1239 1525
1218 6484
6685 3718
251 2719
5313 8498
1189 3243
5418 9587
1157 6829
2961 4935
3407 5964
6312 2461
2797 6266
6918 4266
4347 3770
3007 6602
2156 6171
9360 9125
8259 9436
1750 4992
3122 6048
3751 7969
7765 3471
7272 7318
7301 4941
1732 1871
5501 4539
240 6477
8374 731
5035 5390
6090 3523
5811 6558
5865 5475
1200 9962
2679 2009
3955 7152
1804 3787
5018 5150
6058 2959
8250 118
9750 9101
7577 864
8944 3385
3009 9086
5139 2050
2147 3627
5026 4082
1590 4993
5451 8234
2380 9244
6781 8657
650 3306
7046 6466
5129 8208
6073 5752
5974 3330
1383 3621
5909 4611
2289 5582
9014 1232
1601 7323
221 1978
1500 1158
312 925
393 7812
3155 4076
5450 8365
9743 1660
3644 806
3829 3719
8466 7543
9066 2393
8355 3382
2527 8496
7782 7924
7875 6940
670 7643
5152 1568
9194 8112
6344 5320
5516 1910
4008 5415
7502 2735
7438 5638
4541 7166
3682 9883
6640 5102
5588 1015
6398 8916
2502 440
8175 2889
3648 2962
2408 4720
4506 6887
9214 2273
284 350
2807 9381
7145 6278
9189 8218
5220 7485
1802 6021
9712 9228
4485 7267
8881 4654
567 6429
3635 6535
2813 1544
9432 9206
9162 8905
4238 3328
324 1698
5053 7818
9926 2823
3085 8199
9476 9351
3673 7212
9181 3319
8588 1048
9618 6900
705 7546
8211 8555
3495 5702
7148 4683
8974 220
5478 1398
9391 9749
6065 5257
521 6066
5952 182
1373 8261
2334 4606
4685 4394
4293 938
112 3278
4226 9673
3071 5551
7894 4871
2002 1362
462 1639
4515 1966
9646 6351
5061 1754
1862 3968
2382 4798
693 708
5897 4006
4401 7758
2479 9841
6212 9176
7475 9454
2557 2648
3761 7127
7011 2070
7781 4650
2937 9392
7218 9874
5214 1224
7947 6328
3251 1133
3175 1382
1610 6435
5163 3410
9850 661
9642 2263
6587 8333
9505 492
762 5915
2908 2335
2836 6571
1992 8834
9379 5142
2873 8326
99 8320
1937 2130
5895 2093
2636 6832
2538 2111
6368 5278
2141 1654
9692 3782
1311 1079
3460 8746
4937 7565
5687 5182
2928 2644
998 2358
9860 1916
7941 9752
5780 7216
5709 7579
2304 2448
6569 8968
7739 5957
1919 3116
457 2504
5525 250
5507 8184
8131 5762
4615 2829
299 7146
4329 8793
2796 8989
4309 4292
4332 4932
1707 4000
2248 5054
4790 8761
7266 151
7611 7900
8513 5729
5562 2898
3986 715
1618 3708
4016 8324
243 9720
2097 458
4084 8933
5 9150
1828 406
8136 46
9746 2284
8525 1929
9113 3153
7037 3172
9190 4939
5107 1328
8147 8390
2546 5022
9886 4005
9375 8777
6603 8294
3841 8204
5872 3878
8047 8142
6143 3114
7364 6475
9650 2806
4990 7335
4334 4419
3922 2370
9100 3337
2411 9198
1965 8096
8990 9927
9983 2946
6907 1535
6009 4169
8758 3429
2826 702
4152 5655
2655 8709
4883 8669
8123 3380
6038 2774
3590 3257
2729 1078
4971 2952
8678 4648
4109 1136
7452 3397
2935 2047
4058 669
4621 2717
9779 2127
950 8429
5181 7427
6267 2136
2944 2639
9174 9199
8426 5247
1431 4746
4258 2852
7809 5333
836 8887
3710 3266
144 6836
2114 984
3237 3794
6244 5106
8383 1357
6364 8507
5392 5688
3797 4435
3164 6160
616 8017
2117 3427
1447 7008
2508 9208
1240 5484
4543 7710
2548 228
7742 188
3290 3636
7914 7827
8413 6716
132 1579
5808 3034
1577 8130
1503 3417
1369 7776
8029 8556
5880 319
9187 9216
6825 5038
8541 1908
2896 3488
9307 9024
4848 4043
696 5483
8813 4826
4028 1638
6332 8015
5617 6169
2427 139
6844 8346
5303 9619
9888 6216
3902 9670
5242 3796
4830 9286
767 2875
4280 8658
318 7840
7079 8753
6987 4510
4127 85
7618 6901
7804 7385
9909 3412
6060 8336
9060 1620
9697 5239
2318 3698
1417 8189
7779 1406
4267 8946
2445 6007
2403 1596
6236 3372
6460 1934
137 9836
9700 6727
7884 6663
9511 4796
1739 5200
2938 6035
5425 3680
7172 3997
432 4490
9332 3508
3255 5062
507 7972
3254 9087
7027 8557
45 9662
5651 4387
2544 3954
3017 1096
9449 6683
6679 5146
5076 5703
1187 5221
7406 3588
1308 2428
2860 9868
6739 9891
2503 2079
4335 2148
6291 4572
8005 3260
2793 5945
1396 8445
447 3365
2919 4652
9551 1905
8153 3012
6891 709
758 3899
533 7112
4351 9012
6404 2924
1043 8872
9611 7249
7775 1332
4125 3282
7460 3546
4909 3744
5773 5255
2552 3060
3215 3807
9453 9011
1859 8375
5123 9706
8067 9582
274 5664
1140 8591
9529 8037
1107 5767
9227 2435
277 5968
3379 5515
9372 668
8811 3338
3942 3039
6315 5078
6185 8810
5207 5628
5440 2824
7398 6985
2157 495
924 3604
7291 3806
4282 3423
7625 4894
1009 6894
2606 6873
6705 4580
3674 1020
8348 5031
6168 4962
8886 1146
6745 8979
6123 8296
5302 7135
7362 4176
7333 4327
5126 577
649 5643
1594 6201
2029 6094
5526 563
7449 2506
5304 7729
72 7236
4404 9262
5593 2328
9338 3815
5008 9824
5782 1423
1446 6946
7867 8230
9869 7593
3549 9367
262 4899
555 7630
1066 4658
5434 2163
7931 6361
7993 1318
9036 3716
4846 9390
9560 2098
7830 1309
1486 2235
7737 1631
8728 647
4627 2976
8176 4570
6402 937
1644 3972
4228 6883
9295 9396
3481 535
1273 6227
5962 3347
926 9249
4372 5021
9302 9388
1751 1515
3681 6735
8894 3345
7186 675
8745 3699
8201 520
6161 6494
4597 9721
3683 3704
6262 7459