9290 4948
5343 4227
7928 4638
9173 6723
8451 6820
8874 2575
5384 2265
2095 1131
1818 1257
5791 9370
2299 3798
6425 8836
348 3340
860 6671
6503 4509
1955 7491
4278 6131
1803 8629
5559 3812
158 296
2256 4426
1867 4202
8936 8985
7455 6231
3932 6654
8646 6620
9322 1294
7916 9052
7020 4155
3004 2997
401 5216
2350 5818
4346 6128
3802 9317
4567 5540
2239 8402
5001 9253
411 3344
3403 6780
8997 7529
3969 4847
5936 5319
4428 4953
1279 7109
1338 5756
9257 8032
8256 1235
2454 1764
7784 4679
2456 7149
4598 8953
7016 1508
3352 1990
6868 2680
1873 5724
7114 6613
2240 3515
8908 1783
4080 9444
7104 314
5654 6513
1466 7229
4669 6687
1206 7695
8293 9261
7168 5311
6259 8222
3996 1102
7755 4063
36 6997
4206 8802
8774 7943
6814 6799
7157 5809
712 1763
3355 4675
2840 3706
1349 7566
4854 135
7012 7868
5401 3395
3221 229
5583 4408
7622 3809
7047 2743
8689 8534
11 2785
8602 897
7358 5772
9680 4960
3503 8607
4600 5529
111 5976
4708 143
8859 2173
962 4779
1784 8506
3768 6864
2927 171
6183 2600
928 6538
1333 7997
1679 2566
9980 230
5671 5372
4323 2000
8880 4215
8550 5923
7417 1674
5624 853
1675 1499
8533 9324
3378 2877
9135 1632
4072 308
2964 5485
2340 9460
9358 1664
3536 9879
4056 3043
6079 5632
3106 7390
7823 4132
2929 8093
867 3329
9990 5802
8174 4915
4159 4030
9309 2185
1860 4247
5237 3577
7010 1847
494 353
4740 7601
2212 9950
4684 6976
291 8875
9933 1455
3015 5889
3928 3521
1540 5406
7726 1980
4525 851
8325 1449
6692 7399
1040 8779
4629 3749
2099 6594
5764 6192
3691 5296
6347 6653
1153 8942
2623 113
5684 5979
2689 7494
2224 5337
5847 1501
8478 9960
1358 5997
9615 846
5951 7995
8844 7366
5590 2703
4045 3031
2819 7856
8627 5765
8587 6428
9820 6995
1410 1021
6391 9653
5769 4229
1927 884
2681 8339
7076 6480
2277 9629
8252 154
5238 408
1207 7086
8139 6673
6791 795
9713 6382
2238 9855
1962 8428
7171 5733
3461 8688
7471 8791
6140 7189
4294 9414
5347 8704
7221 3505
6390 2539
3763 22
8054 8080
8999 865
2084 2531
3870 2269
298 4561
6624 8343
9380 7068
7886 2656
4119 5179
1538 8821
5131 3377
357 665
245 1494
6504 2670
9849 3180
4556 4306
3199 2869
2718 8482
8510 7050
6843 9704
1407 9139
2121 4670
1190 4297
8500 1687
5259 2990
5301 2638
7506 9172
9217 644
7465 9146
5608 7456
4111 7187
9632 5520
4283 3684
8738 2159
7526 8159
6761 400
1954 3096
9810 5946
3753 7511
3754 6318
136 6998
9873 6533
8236 7322
1260 5466
9987 4514
8805 4034
222 9975
2201 2740
4330 8260
9790 6387
7576 8048
3098 9067
9177 5277
7160 491
297 5354
3245 445
232 6877
3354 362
7570 98
30 3993
7854 358
648 6690
6532 1436
7363 2700
3583 2776
7874 6516
9178 6001
6953 5350
5088 2438
7655 5739
3929 3901
3879 1761
4633 7942
3510 4142
2215 2955
7510 6553
1252 5761
2645 3415
5875 7404
7549 8851
1972 7341
6363 1600
7371 9451
9717 9651
8538 3453
7706 8338
5005 8263
4104 4461
9136 9890
4706 5039
9149 247
8743 4994
5604 7497
4148 2288
4547 7815
8081 8770
7816 875
9128 5283
1113 9230
3428 6933
4220 3046
4881 3949
6219 4886
8641 8182
5648 1161
6625 5625
4799 1111
8258 2254
7445 5097
5835 4397
2343 8842
7647 6462
7778 5743
9504 5565
556 7599
7041 4759
8649 5505
1513 3384
6755 6511
4825 190
547 9010
9658 3289
1215 4970
6284 6095
6914 7388
5788 6927
3958 8927
5321 8475
14 4861
7773 935
3205 1731
5732 1562
369 2230
628 4631
5980 3101
3591 65
3630 1091
5993 6915
8789 2266
3900 1890
7210 5887
2730 858
7822 7798
1673 2688
4393 5223
2024 7939
8127 1636
3593 9535
8463 2759
6726 6497
9506 6031
351 9184
9398 4451
2954 9955
42 3083
6100 4714
3663 3981
9594 4699
4310 2725
3487 5999
1496 4777
3612 7413
487 9159
8599 5284
5092 5831
542 8436
5776 8901
7690 4560
6135 1342
1794 2716
6871 1141
4950 1106
5908 7503
9999 6599
780 5948
8612 7516
9037 2170
4029 8734
8203 8640
6932 7686
7093 9073
904 8422
1281 2989
2610 300
4098 6329
2107 6133
634 8050
2342 345
9182 2251
1892 3200
2551 7518
2724 1504
1155 6674
7769 5714
9604 3994
1793 3070
1982 6773
4422 756
3711 4927
302 4558
3240 5351
8737 9568
8129 3956
8262 2707
9267 8307
6972 8442
3136 346
9269 6229
3837 828
7950 371
7990 6326
3299 1054
3820 1129
6805 2553
4388 9854
7863 6797
4534 710
2066 5866
1564 8982
9287 2706
279 3697
5977 3544
6999 9183
2085 8618
3609 7203
5607 7440
2838 4686
4318 2560
7649 7281
4805 5932
3720 9068
4444 5055
8331 461
9929 1619
4823 8069
8022 8749
2702 5251
4562 6064
5282 1010
3877 167
4097 7951
5506 543
1477 1428
5592 5538
3350 2310
985 423
817 9787
7780 6751
9489 4602
3080 9609
3670 3857
9467 7714
3179 3650
2255 8481
8983 2542
1288 4286
196 9703
620 475
2786 6362
5192 2140
7860 2518
6922 6000
1903 3167
727 394
8279 2401
1037 1292
1472 1029
7096 8315
9319 3827
2791 7490
2960 2745
8892 352
9785 557
8537 206
1360 5744
1893 845
9578 2775
562 7687
1767 8385
7268 2596
8401 8052
5509 5073
2505 6890
2815 2779
7246 3084
3145 8002
9851 6525
3565 9226
7979 6762
5243 484
6702 2975
3497 7202
6457 9404
6280 8023
7730 4171
1821 54
4623 4729
6706 773
5040 2612
3037 2654
4809 4015
1301 8907
4416 7632
2801 3013
1801 4359
5240 1195
5095 8009
7837 4827