7680 9630
6126 6886
1701 6850
304 922
2913 7669
1 9972
558 3908
498 3513
3952 1612
1995 5212
4721 4163
3126 527
8484 7748
6436 1580
1670 4898
7512 7629
6746 9019
3273 4831
6945 9401
2431 8469
1869 9959
3566 525
3596 5122
7945 472
4322 9994
429 7270
9614 4290
1389 8061
3613 5204
1265 1527
9782 7201
4033 4542
6776 1930
5718 9342
8860 1419
9151 4420
439 7890
5536 2963
6696 9303
512 6392
3836 4958
9757 4295
4009 2652
5512 9329
1704 3123
1970 9918
3617 8816
4078 1911
992 1843
7831 8986
5841 6136
261 3335
3838 5209
7194 1272
2134 6730
8322 9229
3072 1780
4055 3226
7802 671
852 110
8185 8969
470 6614
2822 6395
5796 9828
4492 3693
4391 7541
4722 1420
1433 482
7154 431
2521 3647
5757 763
8243 6159
3077 7505
3277 3884
5135 8146
497 8776
9263 5606
191 3463
4749 6598
807 8615
2422 6139
1622 993
9277 8782
3737 888
1044 2554
7696 5781
4061 627
3212 8068
8666 1445
1529 1164
7396 7759
5454 9478
1924 540
6124 6505
5010 8226
4766 2918
9490 2338
5571 6078
1186 5235
1471 9621
2978 9676
187 6823
673 980
6172 886
7813 8773
5019 9348
4961 2695
4094 5015
5358 6293
2213 5202
27 4167
4789 1359
1397 9593
7906 449
3629 7200
5474 2399
1734 8755
3668 3369
1402 6342
9160 4656
6207 6738
2076 8113
1172 6024
8273 6638
9730 9740
7356 9474
1151 8775
23 8841
1033 4701
3239 1493
7243 7724
4390 5685
3462 1678
1788 4734
57 4232
835 3464
6793 9532
6235 9502
2915 4203
8308 9122
4369 5930
2115 764
3729 90
9674 6238
906 6142
2341 3498
236 2375
1055 1046
1025 2349
20 2751
8055 3307
8664 7190
146 9857
7225 827
2528 4494
7159 741
388 6401
8389 9463
4474 78
596 1481
1372 1231
1642 3309
2985 1971
1176 3435
8217 8354
3705 3695
4340 678
5299 565
2116 839
3479 3381
6680 1975
7347 1762
916 9921
5407 8337
4017 6660
7228 3527
2590 70
3331 6180
2773 7215
9835 8959
5807 5699
2667 9107
9165 6200
4429 4743
4982 2320
7431 7833
7222 6481
9507 5080
5124 9104
595 8963
5064 3626
2498 9299
1110 2651
390 6722
4001 2580
6277 5920
8181 7607
8161 3641
8535 5746
1807 2034
4026 2232
7810 3885
3284 8012
7517 2074
866 1856
5226 3790
4768 3584
3267 1792
2568 8639
2830 7887
5037 1711
2894 1945
9291 7257
1169 8168
975 2584
3891 9597
2096 3229
9393 8265
5208 3846
5837 3392
1907 5596
7700 82
1574 1460
3789 1175
4013 7800
3074 805
559 5504
1967 194
3491 7560
1335 6981
7564 1197
5489 6067
8090 8900
5345 4682
5344 5941
7544 9389
4528 6622
3874 9005
6373 4027
5183 5817
1049 1222
7925 7660
2922 7204
2677 8362
7532 4985
1076 2931
4379 6732
3183 7453
9875 1399
3771 6611
5969 9866
1629 41
4354 1826
8232 3642
5046 5048
7124 8480
6405 1825
4853 7573
9931 8899
1581 4844
2458 6114
4218 4707
9935 6498
2455 1900
3984 5989
2385 9334
6897 7766
2296 566
1697 9514
8976 8797
1756 5193
4249 9103
159 9315
2386 8870
1036 3131
987 9903
2071 4079
6950 7988
9917 5395
4907 1353
9901 1645
8932 9876
7550 9406
2038 7590
5934 1038
4343 6209
735 2543
1198 464
7416 9622
5383 4635
2365 2685
4256 9057
9669 5874
6223 2278
6418 3542
8494 8301
8165 2597
7285 8070
8439 6743
7871 3999
7055 347
10000 6986
8403 1064
9920 1737
7488 522
499 6948
370 7408
2769 4607
1864 7537
9809 8619
6134 6514
6070 8213
1820 7722
8225 363
9590 4089
109 9034
8955 4151
6971 3368
6411 7596
1545 6254
3865 6396
1798 1611
3332 3828
6105 1539
5020 8771
6816 3383
2510 9563
3061 7676
9817 2439
2379 4254
4154 8490
2983 2352
804 280
6783 4193
4776 5324
8949 855
7311 9804
8812 3235
104 2429
605 7572
6055 4995
7310 4644
5662 1476
6147 7139
3833 8858
3715 3672
5693 5803
655 7000
3225 9040
6801 1351
8016 8523
2100 4405
676 3094
3793 5579
5753 5667
294 8076
7645 772
5462 43
802 8228
716 792
1771 1708
1144 7858
1824 2143
3759 3963
7849 3441
3185 360
1768 7992
6476 1404
4103 9503
9385 754
4855 61
6474 7770
7575 8025
8948 3351
8117 6642
5679 6002
9819 2684
7905 8548
5079 6521
8519 933
6120 4681
3213 7087
3637 900
5707 8431
5002 9354
2259 7017
7975 5906
9540 2569
1194 8465
1052 9047
1985 2311
4389 850
7424 9222
871 8144
3250 9898
5537 9167
5448 1559
7220 7762
8628 5727
2209 549
9048 3056
7357 8850
908 395
5722 1586
7519 7589
7783 3940
8643 7473
1032 1468
942 9823
899 7045
8978 2220
9313 4450
2260 9096
5339 477
9260 7144
2593 8233
1536 2400
4569 4477
6482 988
8903 3323
7412 3889
6273 9678
7678 6243
6650 2250
4858 9120
4911 3019
1507 4608
1341 6258
40 3059
9026 6019
2091 8683
5661 1159
8981 1728
4021 3675
7981 5011
6828 6560
2817 2659
4339 5143
3800 6005
7097 4038
169 8838
1379 2007
5922 2737
3813 7274
7136 4121
7466 5222
4625 9735
3603 1403
3525 8866
8923 4493
6899 7699
2617 9690
3404 1454
2086 3560
2344 3631
1692 1666
3601 7193
1363 3831
1084 3118
6540 3509
3606 1019
5219 7483
9465 1003
441 1022
8544 5873
6893 7661
6575 4502
7694 1797
455 1011
6276 2650
6552 582
3166 3888
8327 331
3979 9400
3730 3814
1330 9091
467 4959
3659 6376
7933 9424
7751 1061
1319 6036
8210 9408
5758 5276
2048 3700
2979 2470
2493 6355
8569 4328
9666 3418
6595 4565
759 4610
7089 3926
9764 4800
5626 6649
8647 4091
71 6414
1896 2727
8693 2522
4986 437
1583 8598
5690 5649