5036 667
4087 8790
8578 2993
6809 6980
3567 323
5245 5341
6023 5523
6173 8515
9331 7973
6156 9163
7437 1899
9191 4263
6261 2994
7493 4453
3755 4678
3142 6020
907 3341
704 4245
5623 2237
5104 7077
7158 1282
7912 1770
1068 5622
3425 6554
147 1303
5265 1608
4144 1719
7859 5049
6581 5280
6246 6360
8364 6203
8759 7286
6181 1139
5154 7764
2971 9418
1845 8190
3443 2347
9112 9121
1105 2911
7963 386
2128 8879
9772 7439
7767 7278
7021 5188
4376 8300
9961 5272
6413 2562
3308 4728
7147 783
483 2594
244 8906
450 7464
6651 730
6774 3714
2821 6210
7324 1429
148 7617
8479 7248
7826 9213
2578 7698
3274 7063
4211 9801
4752 4613
9119 3692
8815 451
9469 612
3361 9195
9754 4577
4326 4303
9041 8852
4445 2607
5839 2847
1941 1816
4573 293
991 7634
7940 5232
8281 1531
8461 7069
7142 2749
6431 1628
8723 5853
5368 4363
3149 2891
4803 7295
1168 5518
6448 9660
1715 6017
9102 5195
4443 9583
8094 2233
7196 8651
8371 7176
631 618
6822 7520
1857 3703
2731 7999
5476 2589
6157 1492
2166 8665
1565 5792
2635 2106
9473 8957
6027 2450
544 877
4551 1271
376 8558
2055 7264
7920 9224
7275 3343
3852 4663
1813 8440
9046 8878
2672 8409
9947 7302
2162 4501
9645 211
3855 2416
4710 5637
6103 3052
5942 9430
9547 1059
2609 4277
4305 3190
9297 3
4548 5113
3121 3991
8699 1738
9545 7745
6354 5134
6841 38
9948 8473
2345 8267
8589 7343
6091 3317
4073 5274
872 7499
8691 7180
2598 3159
8980 412
5456 8084
1283 1242
8581 6022
6905 7486
3517 2634
9421 5695
4639 5959
666 2692
2175 6423
7329 8398
5373 7292
6175 2666
3138 7650
2315 8584
2969 6729
3757 7891
3150 5747
840 3394
9742 5438
5937 8847
3511 7876
6817 7259
7250 8060
8456 5830
2586 1759
4315 5455
4596 5557
3063 5669
7683 5720
3747 4112
3198 1695
5799 329
8186 7819
7091 4324
8616 5770
5883 8778
4462 5631
5393 1182
7120 5246
8038 4077
3047 35
6375 5060
9884 8107
4123 2208
2509 1209
6226 8961
5894 9141
1683 9893
8592 9078
2062 5461
2384 574
8447 7421
9330 6303
5090 129
9671 3783
6728 5056
2507 5184
8674 8913
2407 3905
5206 4036
8104 2942
9672 5326
4653 9477
5340 2112
3349 7425
1255 1184
5658 4546
1027 7233
8919 6585
8352 7952
8180 6442
3173 6385
949 3493
3045 2452
8792 6040
8470 9205
5125 4487
7433 5842
3930 4553
4943 3785
1617 6311
6888 7556
3178 8516
8667 1922
1931 2932
1275 6257
6744 6641
2939 4375
3840 5970
6815 6845
5711 9816
5141 6496
3694 4269
8625 1450
8768 952
8026 1026
2164 3376
341 905
4810 5850
6853 9363
2064 4358
399 6563
3494 6838
3965 4110
9539 7072
4850 6632
2180 2996
9056 5151
1122 1474
8433 1547
8435 6279
4092 6096
1156 2947
5385 101
7006 9741
2327 3871
1950 1062
5869 8418
7760 8930
8424 5912
7315 7971
8796 6381
1482 6904
5953 8819
1810 1634
3990 2862
4745 1940
8219 7106
29 5180
8242 5262
3919 6770
3516 3434
9726 9143
4667 1284
4153 5531
2467 1681
3144 3097
2046 6924
9567 4214
278 3064
4977 2705
4704 8995
6556 3262
4605 4824
5995 9397
3005 4969
9369 7022
9732 7626
8696 8160
6522 5111
8787 8671
2150 2261
9636 7707
7959 4703
5694 9410
6551 6459
6184 9599
517 8043
2658 8030
4583 7721
6824 3327
7631 6174
6488 1730
2021 3016
7711 4265
6237 8111
8508 1849
5902 6110
1623 9054
9896 2419
8083 5569
8432 3982
8062 1331
7197 3280
5546 8690
2025 7841
6678 9971
3371 6117
9755 8495
500 6030
4260 8386
76 6415
6325 3285
4476 6752
8097 8195
4486 750
7551 8799
3021 2988
1221 8521
1016 7763
4762 8178
2124 9905
6485 5861
9770 4170
4067 6707
3519 5653
5956 5725
7441 5750
3701 2564
2395 8311
3938 9166
7588 6084
7807 8593
3541 892
4595 5949
2956 8613
39 534
613 5568
9427 7662
425 8583
5168 5928
8102 1321
8446 4616
722 1422
7743 8312
5611 6811
9627 7552
4468 509
825 677
9780 1391
873 3316
9039 2673
2291 8517
721 6083
6749 1093
9862 7642
8611 3732
5795 7435
3690 4312
1852 5091
1976 3909
3208 1174
3253 3201
8571 4972
8543 1103
6053 6854
2487 958
9932 9699
165 3748
4756 1101
1181 1348
681 7337
1356 7198
4213 5859
4713 5958
7496 4628
8808 4415
8684 2169
3579 2753
8011 4276
7252 3318
1430 1269
3399 5136
1766 523
4857 5000
608 1787
1653 2660
1939 7126
9992 1733
5468 7930
2413 7962
8100 8668
7289 6882
6029 9028
2272 6712
8270 6531
6827 5423
9023 5614
3587 3292
8970 856
2205 7038
2857 8638
6119 6848
5244 4037
8276 7861
9813 5314
5043 473
4441 9907
6112 5494
8283 8458
7635 1336
3234 6667
424 5595
1542 7673
5297 8707
5705 4219
1588 8416
7031 970
9579 8725
5660 4041
2011 9484
529 4423
5972 4634
7163 8532
5397 7584
6568 6085
2691 8200
1627 2132
9969 7991
7192 4023
6684 1725
9586 5338
2519 9480
9628 8786
7612 7123
7479 5696
8915 2477
7639 3869
3657 4901
5051 6909
1266 1448
7393 6589
7901 6282
3767 6669
3743 5822
6214 2615
7538 1882
6923 238
1108 6050
4811 8827
49 1005
1384 1149
3532 630
6014 333
7409 8645
9778 1489
2965 7666
7217 4460
9710 4912
3894 4520
3433 6542
8715 2010
3742 8196
3625 6769
552 854
8051 1524
1300 4128
4035 9591
749 7375
959 8098
6483 9953
1082 4473
1876 3195
4257 4842
842 443
4751 784
564 9061
4042 1075
1772 1080
1227 9111
6372 930
359 8931
9758 1491
9004 5225
8675 1956
2921 3310
252 8361
6778 5891
7989 638
2083 8655
6239 3839