5567 581
1878 6717
6289 9881
1425 4464
9064 8187
6253 9852
9280 5971
12 6629
8305 5464
4804 2675
3456 7646
5585 8350
4433 1753
6951 89
9289 2649
4641 5982
7064 501
9099 6982
164 8114
689 7852
2550 4304
2200 4467
8609 7713
4731 9377
8713 4308
9411 9425
9524 3850
5574 538
3214 7889
6630 786
9084 1123
6439 5885
3666 5723
6913 8954
6807 2374
3346 1306
2974 4059
5644 4938
4356 1350
8608 4498
4579 3154
2611 3689
5801 295
4516 51
6187 75
593 435
7872 1755
8183 3356
9569 6037
7102 8039
6819 974
1074 3065
7156 2537
9355 7641
9557 7836
5734 4902
2363 2032
4010 9279
929 6609
8278 9859
4787 3475
1006 3230
7081 1658
9197 9175
5114 6495
2270 8033
8019 5804
9300 102
6137 1290
4281 2271
5697 10
6016 7132
6508 4834
3223 4783
8421 8637
271 2690
9094 4386
9145 4880
1789 6310
2879 2424
3246 2693
7534 8660
4348 9409
9275 3324
9015 4438
6775 1776
5290 8862
9471 981
6782 5599
6286 1614
6579 3924
3364 9925
8006 5647
2360 9188
2367 7150
3914 2870
7297 4319
5306 6430
2475 7731
8803 6063
3339 5190
2558 9098
2995 1782
3303 3945
377 2371
235 5967
6520 7088
1735 4793
9533 3594
8855 5364
4876 5381
5453 4199
6057 9906
8414 4507
6747 1663
6610 3886
4736 8206
5149 7105
8394 6339
9335 1487
8393 4268
752 9767
8560 226
1514 5689
9387 5864
8299 4741
4967 738
2300 4771
6122 7332
3937 53
7178 6437
2861 6536
2356 961
5083 5361
1773 4822
2312 2627
3911 7360
903 9399
953 8730
3422 8856
5346 7791
459 5950
4840 9908
9461 6648
3557 9043
8292 6984
2041 9459
869 7913
4243 4856
3582 7869
1116 6526
3649 1915
4586 391
9434 8891
6725 920
4488 2088
8382 8706
7184 8748
4456 6321
8014 7019
2412 8499
3233 7554
9682 5172
416 4680
9071 1744
8824 8885
5534 8971
4655 5954
8249 9996
6194 1791
5323 9232
768 7968
5700 1322
3291 2264
703 1769
8991 551
9805 4769
3992 7044
2068 7381
9759 2699
7953 7293
1427 9761
6190 9515
8563 1571
3095 8216
379 600
7095 982
6272 4889
6935 1286
2949 1624
2559 4049
2081 1667
6302 7614
3898 4145
8237 3890
322 5162
1875 5398
8387 3057
5530 6960
4259 2934
5016 4674
216 3810
1578 3459
2967 2980
1226 8488
2926 3775
9051 2640
5287 5805
2661 1390
5171 4968
1277 3387
5778 3676
6652 989
2326 5856
5127 4859
7280 4698
3725 4496
3051 4530
9403 4370
1070 5034
2052 1152
1709 4307
8277 2686
7101 7562
1606 5627
5763 6205
1344 5431
2765 3735
7592 2619
2741 3414
597 2752
9846 2409
6082 3615
1210 7103
2447 3169
6283 6251
9661 9486
7240 672
5713 1603
1236 404
1150 1781
396 6701
3959 2313
5916 4002
1949 8459
6576 2599
7199 7567
1253 189
1042 9108
1114 6619
5030 3906
8120 7260
9842 2710
1289 4770
8372 7508
4350 3474
8302 1861
2697 6399
813 8423
3872 4052
5159 47
6675 1340
9 2515
1510 9919
5201 1442
5260 1979
6042 536
8663 4122
7792 4609
9760 2561
6555 5177
4755 6548
9155 4910
2462 4645
249 9349
197 142
1085 1250
5041 8003
2657 2182
7447 8747
8579 2581
6618 3598
6509 3501
7098 3275
2222 115
2042 893
1220 4585
2485 471
5066 6158
3893 5840
6491 210
4296 9044
1799 2231
7693 1901
6777 7829
9686 5098
7932 7282
6213 3252
1865 4360
3363 9170
508 7574
8238 1371
367 9124
706 6426
6015 8438
7966 3406
9158 694
8617 2709
4757 4833
5990 9870
514 2744
5264 8785
8928 128
7384 2465
1902 8526
8596 3851
6471 1806
4750 3313
9510 5498
9314 8914
5682 8837
9530 34
8198 977
3620 8323
3156 3619
175 9736
9584 9589
4431 2982
8952 5130
1211 5236
311 619
4575 910
4374 3334
321 8764
6974 9500
58 4920
7119 5499
3197 9284
1117 3115
2316 3113
887 418
2530 3294
8614 1415
1651 5411
6812 8137
4465 9452
8561 881
1134 7749
7638 3076
9848 6810
9954 7043
3951 5335
5881 160
2031 9844
1177 8132
2333 2977
7379 5145
8046 9292
6929 5449
1296 5929
8685 5594
4716 9751
1874 5069
6331 7530
5905 9487
6108 3597
9978 3048
1060 1961
6709 5832
1700 1485
896 6039
8994 463
5310 651
2078 2337
6271 9864
1518 2197
717 6307
9475 7674
8264 4086
1534 8966
5389 7509
3186 77
241 5067
410 5502
691 6198
6501 6549
2499 3854
5737 2193
4897 7354
7857 6141
4765 9558
5994 8253
513 1591
5189 793
2425 5991
7980 4197
2103 5602
6846 5907
2262 4926
9250 1703
9062 6943
92 8143
8330 742
598 9550
6089 4313
5911 5933
3301 8425
3739 7407
9254 6252
5027 4671
7539 7637
5676 6010
4589 9617
604 9543
6086 4504
5719 4273
7728 5241
9641 2061
5543 9157
9201 2671
7175 8736
6004 2733
4495 8332
253 2628
7609 3336
8781 8605
9985 1831
5138 5827
5133 4064
2864 1233
9989 8271
4592 3944
8269 9625
6365 3217
9007 5024
5896 9357
3302 847
3490 7531
745 5175
5342 3000
9063 8384
2620 67
2592 8370
2330 474
8110 6700
125 8871
6550 848
5545 7982
7253 6691
1699 1297
2914 6557
5858 2572
8121 3658
4279 5267
3696 8115
6681 4248
2186 9114
6222 728
8452 6604
1714 6346
4626 635
5618 7542
4559 8570
6129 8766
3209 6969
3022 3677
944 7911
913 5712
6698 2545
4143 2113
8677 9825
5218 1104
7030 4411
5295 8154
6958 2319
7870 5760
2951 9138
3860 5417
7426 3411
4395 3632
504 6839
9130 392
7489 1567
8606 4942
9237 9207
6523 7757
3483 621
7317 8437
2714 3402
7255 934
5814 4760
5153 1661
2491 2746
9378 8483
179 1722
4657 480
3764 6410
8626 3624
6866 2678
7053 6637