5191 3431
3449 7258
8280 2120
8192 7005
4068 227
349 9053
6806 8328
3388 3671
8497 2473
8925 4924
4517 9482
8705 2541
9016 1921
5042 3921
2138 6645
8095 5460
6389 4536
2418 183
4108 8843
9415 3805
7723 8151
2923 5105
5710 3108
9491 3638
2355 4362
1815 5378
32 3421
3099 9637
990 4221
1039 966
3792 6919
8157 4302
3772 8126
5229 3553
9847 1119
1595 6097
6794 7428
7880 7608
583 9144
2825 6334
9982 2480
4814 6074
3665 1963
9055 5836
6465 3028
606 729
537 2792
9738 7955
9133 9258
3634 6941
8453 3903
641 9930
902 9807
1380 7108
8868 3413
7909 6733
7985 4252
2297 4665
8714 4483
1541 2901
4191 4185
9148 2992
7446 6330
3978 5566
7369 2970
8145 5890
1337 2512
5349 8306
7547 105
4533 6670
9979 9791
7915 3157
9768 9001
2511 1602
7294 7161
1171 1216
442 2203
1607 1115
2579 2674
2227 9555
4364 7353
2646 5609
809 5118
9328 7515
506 4870
5500 964
6544 6596
9457 7865
5263 9127
6830 7382
9059 2243
714 2073
798 1254
3091 4287
3305 413
5686 1556
6627 2878
8848 1838
2941 7244
8227 8247
3563 4385
7672 4816
1736 6445
3766 1299
5815 808
3373 5901
2603 6345
6903 2694
5403 5806
7328 575
7817 7725
9655 8522
5921 6771
2405 8369
3688 149
8334 9894
6196 6269
7462 9773
5459 1938
1685 8031
6188 796
2188 2902
8926 1720
5084 2789
8972 7732
8635 8477
5533 2017
8854 4599
2336 9301
2948 3312
662 8807
7271 6028
5589 7162
7133 5816
8027 4482
2317 168
8769 4085
2883 7918
1251 9179
1786 8788
6420 1154
9808 2006
2910 9412
6265 4184
4821 5308
9588 6925
7627 2324
155 7970
5185 7615
3611 9479
1413 5849
8193 7605
8595 3843
3830 6469
6490 7454
9312 4025
268 2482
4711 5253
4241 8408
4719 2468
2247 2662
6879 5336
7469 6088
9483 5413
1986 6378
921 4194
8454 7211
4739 9561
5616 2632
2907 6859
4550 4018
9185 5666
7073 774
6591 3219
8975 8378
3524 8893
7498 801
5851 2755
5486 156
9802 9255
4070 1451
2523 282
1440 8266
699 5331
8553 8443
1246 3006
1637 7177
7188 1989
9264 9294
7984 2045
1914 133
5307 5706
7448 6045
7415 4999
7719 4813
8784 3970
1502 7359
69 231
2802 2245
9462 2281
9308 9481
5539 468
3707 5986
4617 6101
6008 6298
4687 6785
6955 9668
2573 8101
519 4890
1099 8149
769 7908
3776 9186
8396 653
5249 5563
2019 7223
4618 6292
8673 4074
1014 2082
7794 9132
1138 8246
894 3896
1120 4081
2476 2812
4139 5510
9822 3803
9323 2135
2810 9223
2811 6711
9572 7787
7472 7262
8169 7397
9131 4566
7535 5605
8063 531
1589 9243
8205 7850
979 1872
8984 4568
3408 1461
5023 3858
2532 6658
8829 1575
1630 2696
7899 9580
6968 4978
2517 6080
9022 9110
7866 3821
1411 4320
7137 1811
4930 7832
4964 2146
8427 5203
4140 601
9426 3576
19 940
2274 9090
8194 8633
9793 7165
1329 5548
8290 5068
2726 2866
7003 9585
8021 1987
9528 6741
3128 9266
5984 7753
3442 2446
8220 6111
4301 3444
4124 5511
9711 3915
4333 6931
1401 4116
2 9531
857 60
8075 2110
8917 9843
3362 1077
6547 2943
6013 8861
9885 303
4371 1520
9566 7403
3535 2854
9902 2234
3146 4251
1848 7372
9350 8082
8462 6754
5519 9168
1993 6182
4024 5698
4761 971
8417 5121
6607 9310
2044 2018
7922 5597
9944 8992
1345 5198
5680 2035
7888 3202
2236 3360
3712 6320
7040 711
3580 3044
6718 8381
643 8008
6323 781
2257 9633
7738 2798
2936 2713
8545 2771
8511 9803
5925 9013
863 422
1034 7419
7873 7675
3293 7071
4988 1743
8567 2108
4012 4299
2015 3206
6 6319
3562 2228
3811 6179
6911 3977
8672 4885
695 9937
4601 6530
8254 4095
382 9373
4545 8941
7586 6990
2540 368
1842 4906
3717 3512
5187 3489
7704 614
3120 7484
6631 7080
8119 9681
7111 718
6317 7790
4630 6379
3030 3374
1214 9957
9422 8321
6623 7355
9786 4291
1365 9797
8106 939
7061 3472
9153 2406
7386 9837
4235 8752
6788 7284
2464 7838
1702 3107
3713 7851
1004 5541
1007 4189
8036 8564
6835 658
438 2576
7595 3985
3287 465
56 8140
3750 5527
8566 5944
1261 5619
7387 7349
5798 9320
6166 1983
2500 2490
6449 9688
8620 8839
8727 6250
6224 7883
3400 4882
4050 3248
5094 4353
7235 912
1977 6615
8623 7903
739 7348
1668 6500
6676 2841
8285 1659
9821 8489
3791 7429
6647 2920
8911 1808
3020 5517
6572 9368
1573 6206
1554 6450
3112 3595
6275 2394
7130 9612
5117 9811
9938 3918
1188 6565
1713 2848
2453 9512
9439 2833
5370 1478
7206 108
4851 4989
3554 9643
2242 1729
4200 5442
829 3961
6409 771
8846 2991
8889 6348
5089 3824
2225 919
8754 6264
6834 9608
2613 5294
7772 8449
6636 4383
7179 9936
7954 1706
356 6304
5900 2004
5160 1676
3263 7671
4500 6906
2022 7540
3667 7342
515 9559
8467 954
9203 6049
1324 3078
4175 2346
8472 6758
4587 4337
5513 3572
5327 6802
9576 3054
4499 7138
3446 8530
7735 2533
9973 8762
3531 6162
4578 292
6242 3847
1894 5731
8869 6889
9839 8840
9235 5888
2463 3551
9171 1295
2072 4183
5927 5675
5910 7026
8471 4414
8373 615
5359 3655
3859 6113
4130 9519
6432 8577
493 3887
1437 162
9240 7336
4794 7062
9356 6451
1498 7414
7352 2398
546 9352
3931 6518
2780 478
6502 5170
3450 7014
3170 2075
5819 2587
1426 7208
1557 2723
8376 579
3041 9468
7402 2851
7480 5087
2788 281
5446 1613
9542 5357
4244 6468
4470 2267
88 5759
3917 8973
6274 9435
3024 3105
8474 587
9265 3853
3571 2249
9316 9667
6186 7581
5892 4806
6268 4987