5058 2378
6975 2158
9196 7513
5158 8049
9359 3832
3473 6443
2056 7059
1887 4925
7801 9988
3585 5577
138 8721
3526 9346
2933 777
1162 6577
8288 682
9095 8368
2101 9616
4724 6753
275 4442
5289 6202
9278 1163
9072 5003
1219 2217
6335 3652
5600 766
2033 9546
9030 2795
2054 8679
186 4437
9845 4878
7230 1127
3925 2958
9236 6507
2390 9306
205 945
4774 1779
1648 130
3401 1264
5524 590
4900 6689
2214 5787
589 632
5786 9675
685 5899
201 4518
6416 1822
5444 4439
1376 4446
3286 5867
100 8073
7664 4692
6947 217
7688 1400
374 2867
37 2909
2981 9765
1495 3608
2525 3220
4062 9831
9450 7744
3799 5286
3264 9364
5615 862
9520 4975
5032 6949
7205 1364
3029 9293
7656 4413
1530 3962
2126 87
7365 5610
1509 3645
4581 588
6875 7701
264 1089
2591 407
4409 7251
1056 5312
799 2339
1969 8351
797 7492
9088 6967
6724 3745
8965 4253
339 8739
3026 6719
7835 3424
1566 803
1118 6478
7434 554
3581 3256
8798 688
9070 3935
122 5169
1904 2059
3492 2171
1065 2023
6715 8514
3529 6393
4430 1883
1418 5269
2624 9283
5630 414
4448 1083
528 4782
4590 1597
5708 7679
1863 5052
384 7432
2295 383
8575 5377
2529 941
4709 8694
6573 9701
8173 9623
6446 9470
7677 6314
8720 3174
6601 7811
2415 9991
364 8202
7400 4099
819 2940
4325 2199
9602 7116
8152 8148
5886 2125
6606 3589
4649 978
6197 1024
9242 8938
7346 3092
9441 778
623 5800
9829 2469
1462 338
8367 5325
3196 9776
5636 5077
4869 1100
6199 1180
1505 4141
1409 6221
1444 880
4209 6195
488 2633
1023 7834
7654 3987
6033 5884
1528 6308
301 2178
1456 5281
1641 4274
3550 9018
8357 8601
8863 2177
6316 1774
659 8013
55 5640
2286 3661
5353 3876
4083 6217
8504 5812
3867 79
9273 1885
7085 8718
9161 7533
9288 6300
8024 2736
7736 2843
7224 6800
698 4640
821 4712
822 1256
6633 8244
286 452
8001 9647
7128 5362
6473 8540
2275 409
2118 9079
5561 1234
6336 7768
7619 4366
5197 3348
6127 4802
4662 121
5620 1795
9209 3104
1452 3326
7878 9215
3010 5603
8760 6324
7007 4044
31 7668
6240 5681
2784 8632
7115 5490
973 1325
4715 3988
743 5668
1071 6047
7239 6840
3271 3504
1179 2818
5334 1305
212 4262
1343 545
4564 8547
9069 4421
3268 8162
7058 6234
956 8059
3148 343
2950 6644
4868 3819
5047 7741
4637 4797
9966 6756
9838 6412
4284 6245
2089 1225
2151 6102
5352 7996
9911 1974
9318 4331
5093 4538
5659 2483
1057 663
9525 2351
776 5771
126 1958
1072 7420
9221 1354
5199 4695
5736 9508
4828 489
9518 1936
4919 4923
6677 7048
8134 2868
1368 4791
3018 7042
1473 2279
2808 1416
720 6337
2481 5877
8765 6798
7501 3409
6936 7131
9494 4647
4398 3530
9428 6249
1217 2732
9498 7288
6434 7279
192 6165
9796 6506
7134 1526
1984 3804
9382 9109
9105 6787
7164 8224
6499 1960
4808 9002
5973 1605
9792 5793
4697 9126
2514 3834
6145 2192
6313 1307
8177 485
3844 4537
5854 6592
7331 8726
2790 7740
8420 9659
7616 4225
4963 6876
946 1748
6862 5829
4523 5271
6109 1696
2622 1790
7571 5870
8501 3162
541 3398
5845 1584
6493 9882
4165 9211
8487 4088
8353 6154
4240 1635
9513 1948
7383 1933
7936 9695
2524 3137
8828 2332
2090 3141
2184 4807
4242 9147
7746 6842
446 1323
5665 8864
8289 765
2229 336
94 3897
9867 8391
1765 4892
8103 4781
1053 3528
8399 9965
5292 9296
9934 4812
3861 7100
7018 5268
2668 3564
1741 7734
624 8004
6699 2720
6248 3053
9025 2794
4361 8910
5228 7845
2912 3127
5273 430
8512 6954
8108 127
2366 8297
841 2492
2778 3881
5075 790
1724 4780
4763 9718
7035 6694
686 255
9031 5120
5846 664
760 6790
4887 3539
5768 7174
1926 6934
4133 3458
7380 2420
9058 9727
9493 8042
2294 7118
8832 6861
2643 3109
8179 8732
1259 3182
8 6714
6138 8245
5374 5144
948 9118
3040 5657
3300 9169
3244 1142
2865 7921
3540 4454
5065 963
652 5553
516 6912
84 999
8529 1511
3506 1561
2460 5931
4187 9626
9942 7015
9833 2063
9466 883
335 7527
8239 9321
4832 5481
4314 4933
7458 213
9595 2516
7665 3679
5070 2226
234 8783
4216 7487
878 607
2423 5194
6885 1312
2850 6847
1095 4065
1870 6077
2853 879
9259 9140
8580 9231
2874 4402
734 3573
505 91
9050 4427
9089 6908
4965 2123
1879 4949
843 4060
6928 2359
9536 1550
8430 1643
476 3439
7444 1387
7640 5004
2872 7214
9361 5408
889 8624
6989 7747
2844 4230
6566 5755
8064 1599
9556 9386
6626 6144
7712 548
3001 791
207 4917
724 5862
932 4940
8505 1752
8958 7265
7522 4928
2831 9156
2682 4877
7263 9541
553 5275
4730 5843
8845 2092
5033 200
7049 1346
6528 8410
6467 4594
3880 4976
3203 3731
6069 4311
7935 1470
2430 5432
2984 3561
6957 7411
5728 6657
5634 3558
7339 6898
5057 5305
9664 4836
1008 3947
9241 4588
5663 3232
3171 645
5436 8359
4114 1686
6731 983
3288 7298
4455 1185
5715 1484
7237 5823
2998 8857
9812 9501
9472 6973
5754 1051
3032 1925
7926 6959
2486 4004
3420 9832
3780 9644
1830 8573
9762 3779
6288 8444
4207 8448
9394 9830
9928 7844
403 5465
5128 8604
6961 4867
6962 6916
166 6792
6296 3946
586 4957
1723 4996
1549 8751
3537 9774
7904 7927
1173 219
8909 8703
8920 3269
6966 2282
6255 3211
3777 7919
5966 4019
6340 2202
6574 3605
683 2715
6750 3599
7855 9035
8826 7303
8118 5549
5234 9719
4157 7523
8554 5544
5270 7344
7418 6076
1017 6208