2763 3270
5166 4997
1405 6400
9940 2026
5978 6380
242 8716
3042 4845
8491 2133
2191 3486
9910 3727
2501 7843
2377 5148
9523 5938
7682 8877
8551 4918
1964 8010
3476 6153
6857 4478
8661 223
4952 4694
6721 4574
7824 4188
6422 9748
2364 4234
2653 8993
1688 6512
7598 6920
2039 8574
4841 2160
5025 7561
9192 2109
3941 8018
74 2381
3538 265
6164 622
6597 524
5981 1817
1381 21
5365 8622
3430 6855
6510 9239
7084 2308
7652 9509
86 7057
141 7401
8304 1745
6803 2301
4632 8072
7283 3168
6639 3036
3188 2899
6370 2930
9707 7582
697 315
7591 5443
95 8921
4316 6383
1616 3207
7099 4161
6062 2391
3110 3514
6965 2283
7602 6524
3222 1851
2804 6092
5633 469
9575 4837
3448 4624
617 3160
2244 1247
3892 5205
9365 3158
3396 4603
8801 7525
779 8951
4884 7960
6403 5366
6052 3927
9861 3066
6578 4201
7067 599
3967 4066
1465 6371
986 9739
8902 4527
6163 6757
380 1517
4991 453
7300 5404
2037 969
6386 4407
1777 8411
1160 8918
4118 2223
8621 3907
9639 833
9045 9305
874 1280
3321 5140
1891 5428
8309 64
9097 3639
4604 9963
4979 1285
2832 5174
2104 9775
8057 5650
3276 7107
3102 7553
2582 2451
2886 9683
5045 5876
6455 6584
4196 6294
4984 5071
239 7256
4131 3038
9863 9339
7705 8731
9522 1212
955 454
539 4733
4936 5612
1800 4090
2616 2067
2712 1615
4748 9420
6926 6736
4529 9152
6155 2888
7685 8853
6764 5878
4271 5387
8833 1716
327 1464
313 9032
1327 6228
4440 1968
7521 3008
9899 918
8882 1913
6517 3143
4651 4463
7443 6682
3822 7226
576 7024
2303 8329
1237 7261
3176 8988
4738 4150
8572 4481
6872 2392
1135 8041
62 3570
4673 290
7307 4365
3297 2536
8274 260
2131 1841
9282 7110
9878 7234
1098 6977
7334 1314
4181 9795
4222 9276
5330 7853
3623 9731
8610 8166
2441 9038
8493 2414
6852 9419
6098 9083
7727 8795
5844 7949
389 152
1582 214
3578 5147
7140 434
3249 2567
4966 4819
4563 1585
6796 8962
5167 6150
3258 8552
2218 2968
2814 8405
3721 2827
5433 1058
4815 7029
2323 3436
254 646
4540 3231
9610 1757
832 7691
7684 5329
5332 1633
1268 8568
9516 6978
4449 9154
633 868
6440 4863
6543 3547
6863 4224
5103 6299
4208 4944
4289 4344
5488 1727
8291 7923
1028 6352
8670 785
9202 2863
2013 150
6616 5833
8388 4718
4156 4838
898 7965
7681 4947
4954 2442
5943 7457
2534 9956
5391 639
1835 4162
1546 5157
9945 4048
4285 7325
4946 9880
5635 5317
2252 5924
7978 7504
1625 5672
5992 1414
5355 818
6285 199
5855 8600
5961 5367
9624 580
7805 9640
276 2459
7716 6068
9698 7405
3633 2444
7474 9783
6034 481
8464 7361
372 9327
1920 5996
814 6740
4661 266
5156 9325
2890 6765
285 7987
1421 7636
701 3733
5416 106
510 1125
2204 178
7610 6151
7774 9724
8257 4676
9916 5898
5441 5480
9677 5315
3322 5871
4377 4047
8298 83
7185 119
9648 5963
8400 8007
3189 1432
2953 4974
177 518
5584 9405
3485 9573
2361 2973
9085 1991
7316 6263
8697 1853
3068 8698
7786 9657
8559 3265
9495 3134
5285 8717
6075 9440
1258 8316
891 9794
1497 1377
9606 1846
3849 8040
3760 640
7597 1291
7620 5309
2876 9248
4891 5252
5426 8884
8492 9818
2885 6012
3868 8520
4177 2368
4524 176
1889 6593
116 1858
4172 9745
4336 4355
9268 826
6662 3480
9684 1906
6421 1988
170 6367
5231 6305
2014 5857
3184 3023
1576 218
6880 6152
6784 6270
4102 761
530 5112
6178 2060
3067 2925
8235 5063
5587 7155
9981 7327
526 584
3238 957
7392 2030
2161 1435
8395 3455
342 5621
1458 3669
4659 2008
3447 3774
340 1045
602 4784
3913 5210
3534 6956
4874 1439
3130 2207
5101 9116
9716 6301
7066 202
7051 9744
2058 3467
8924 7720
1917 9814
1884 8229
1229 5405
2325 5082
486 4983
8656 1463
7306 4956
2496 747
7756 5348
6384 6176
3786 7036
3723 4916
8977 6230
5178 5988
3998 8303
7013 8313
7507 5998
8141 8335
3559 8272
4412 6350
8287 6406
3163 7170
9798 1649
951 5469
8150 2176
6003 3386
2945 8221
8188 8943
6742 8956
7898 7796
7846 9995
5775 9685
8214 748
4288 208
8895 7946
5730 4057
4160 224
5316 7410
9892 2139
5613 3856
4403 7242
9915 5288
9445 8087
246 6453
9806 8000
4643 3333
63 6211
3502 7141
7692 9076
2834 7039
4903 4195
9993 8122
1147 6695
8642 5258
7276 4945
81 2488
723 5738
8286 2787
7862 2437
2520 334
4246 24
4576 1148
8897 9679
5233 2152
2625 7771
4479 7761
9553 7033
9272 6356
9285 4677
2436 3957
8468 5860
830 6419
3227 2957
2626 3738
4549 6018
2986 3073
4003 9638
1274 7004
4829 1386
7580 3548
4174 4818
6672 9526
428 4298
2474 3568
592 9238
4998 3622
8996 2495
7092 8109
405 8345
5741 3419
4418 3904
4022 5261
7451 2816
7083 7082
6458 2687
4512 4264
3964 4149
7009 237
744 3758
3678 4521
3722 9438
5457 733
502 6545
7983 2276
6327 7169
8020 9714
6964 2080
3960 7670
8099 1886
3311 5164
8053 5369
5677 6056
3989 4480
4115 4217
917 9853
1947 1558
1551 8998
1689 1928
8078 3664
3545 4459
6349 7961
6983 732
8767 4896
7065 13
7948 7296
6433 1548
5161 3147
585 9081
2734 6821
6295 4519
5435 7624
6025 6833
6407 9723
7648 7795
775 421
140 4212
7056 1467
415 4696
8531 6026
8763 1438
5717 6125
4744 7378
1912 4040
6132 831
6895 561
2373 1760
7477 5017
3325 3686
5427 5266
7902 8319
4233 6688
3934 976
267 8163
3440 2757
692 6813
8904 2683
3295 9571
6452 6106